-0.00028019,0.0012301,-0.0013455,-0.0037622,0.0013573,0.0012301,0.00074147,-0.0027093,0.00033045,0.0037222,-0.0013455,-0.0027093,-0.0027444,-0.0038184,-0.0046496,-0.0037622,0.00033045,-0.0038184,-0.0011343,-0.0079752,0.0013573,0.0037222,-0.0046496,-0.0079752,0.0025756
-0.00044372,0.0013221,-0.003337,-0.0018876,0.00018873,0.0013221,0.0014867,-0.0084115,0.0022803,-0.0091977,-0.003337,-0.0084115,0.0049462,0.0063696,0.0073793,-0.0018876,0.0022803,0.0063696,-0.00027,0.014463,0.00018873,-0.0091977,0.0073793,0.014463,-0.0045154
0.0017838,0.0012466,-0.0002828,-0.006534,0.0090847,0.0012466,-0.0050826,-0.0029368,0.015052,0.015755,-0.0002828,-0.0029368,-0.0030972,-0.0070931,-0.02072,-0.006534,0.015052,-0.0070931,-0.018159,-0.035849,0.0090847,0.015755,-0.02072,-0.035849,0.010796
-0.00062842,0.000678,0.0042422,-0.0036783,0.00061609,0.000678,0.0022596,-0.013334,0.00097176,0.014887,0.0042422,-0.013334,-0.01601,-0.0063796,-0.010956,-0.0036783,0.00097176,-0.0063796,0.006232,-0.029967,0.00061609,0.014887,-0.010956,-0.029967,0.006365
0.00064234,3.3049e-05,0.0030693,-0.0055851,0.0070229,3.3049e-05,-0.0030835,0.0037774,-0.00088127,0.025086,0.0030693,0.0037774,0.0092681,-0.024442,-0.030092,-0.0055851,-0.00088127,-0.024442,-0.031053,-0.045139,0.0070229,0.025086,-0.030092,-0.045139,0.015654
