0.00041027,0.000864,0.0078941,-0.0011531,0.0018098,0.000864,-0.0010907,0.0041704,-0.0063938,-0.013558,0.0078941,0.0041704,-0.00061298,0.00048477,0.010655,-0.0011531,-0.0063938,0.00048477,0.0037062,0.00070052,0.0018098,-0.013558,0.010655,0.00070052,0.018669
0.00055761,-0.00045941,-0.0076207,-0.00030112,0.0051404,-0.00045941,-0.0015523,0.00029607,0.0023627,-0.0012781,-0.0076207,0.00029607,-0.0031239,0.012317,-0.0079686,-0.00030112,0.0023627,0.012317,-0.010584,-0.036749,0.0051404,-0.0012781,-0.0079686,-0.036749,-0.01775
-0.0036471,0.001709,0.011343,-0.019108,-0.018038,0.001709,0.010221,-0.0016511,0.0019781,-0.05663,0.011343,-0.0016511,-0.011132,-0.010315,0.039452,-0.019108,0.0019781,-0.010315,0.041449,0.0025812,-0.018038,-0.05663,0.039452,0.0025812,0.076292
0.0037184,0.0030698,-0.0041749,-0.017454,0.036225,0.0030698,-0.012667,-0.0070907,-0.0092003,-0.079482,-0.0041749,-0.0070907,0.093036,-0.027977,-0.040446,-0.017454,-0.0092003,-0.027977,0.073431,0.059262,0.036225,-0.079482,-0.040446,0.059262,0.057667
0.0069588,0.0072959,-0.026949,-0.030738,0.065872,0.0072959,-0.023864,0.0072309,-0.013076,-0.11013,-0.026949,0.0072309,0.21403,-0.082478,-0.10416,-0.030738,-0.013076,-0.082478,0.13621,0.18331,0.065872,-0.11013,-0.10416,0.18331,0.084394
