tau_0 = (0.00418 + (0.99840 * ((((sin((((0.14781 * X4) - sin((1.68364 * X3))) + ((-0.83239) * X2))) + ((((-1.17507) * X3) * ((-2.86571) * X2)) - ((-4.50094) * X3))) * ((0.80203 * X2) - ((((-0.01348) * X3) - ((-0.47620) * X2)) + (0.06242 * X2)))) - (0.23023 * X3)) + sin(((1.74444 * X2) - ((((-0.32400) * X3) + (0.07243 * X1)) - sin((((1.54668 * X3) * ((-0.00130) * X2)) + (1.02469 * X2)))))))))
tau_1 = (0.00003 + (1.00191 * ((((-0.01849) * X3) - cos(((0.34167 * X3) - cos((((0.04529 * X5) + (2.25448 + ((-0.50531) * X2))) + (1.51874 * X3)))))) - (((((-1.08575) * X3) - (((-0.02133) * X4) + 0.55036)) - (((((-2.15736) * X5) - (((-2.02045) * X5) + sin((3.48127 * X3)))) * (-0.24457)) + ((((-0.04912) * X3) * ((-26.57315) * X2)) + ((-0.68972) * X3)))) - ((0.28234 * X3) * ((0.09123 * X3) * ((-13.60874) * X2)))))))
tau_2 = ((-0.00907) + (1.00257 * ((((0.03376 + (0.02962 * X2)) * (((0.05222 * X4) - (-0.10606)) - sin(((-0.13781) * X1)))) * ((((22.25072 * X1) - ((-55.86185) * X2)) + ((((46.49778 + (192.08159 * X2)) + 48.27098) + (((-4.75226) * X5) + ((-165.30656) * X1))) * ((1.19524 * X2) * ((-0.47569) * X3)))) + (-120.71358))) + (((((33.63210 * X3) + ((-9.80520) * X4)) + ((-170.12962) * X2)) + ((-4.99330) * X4)) * ((-0.00317) * X4)))))
tau_3 = ((-0.05069) + (1.00385 * (((((0.06910 * X5) + (0.15771 * X2)) + (((0.08462 * X3) * (11.49300 * X2)) - (((-1.55311) * X3) - 0.26954))) * (((((10.51101 * X3) * (21.55963 * X2)) * ((0.16155 * X3) + (-0.19206))) + (28.95555 * X2)) * (((sin(sin(((-1.04058) * X1))) - (sin(((-0.94115) * X1)) + (0.00477 * X3))) ^ 2) - 0.01426))) - ((4024.90845 + (2388.59912 * X3)) * ((-0.00001) * X2)))))
tau_4 = ((-0.00352) + (1.17102 * (((0.36778 * X6) - ((((((-35.53863) * X1) + (0.86432 * X6)) + (35.30709 * X1)) - (((sin(((-1.38197) * X1)) * ((-0.07508) * X2)) * 2.89734) * ((9.49885 * X3) - (-14.86755)))) * (((-0.33228) * X3) - (-0.17366)))) + ((((((-0.05930) * X2) * (0.24785 * X6)) + ((0.12323 * X6) - 0.34415)) + cos(((0.16833 * X6) + ((-1.55530) * X6)))) * sin(((0.09468 * X6) + (1.42887 * X1)))))))
