-0.000121,6.5278e-05,0.0023219,0.0044325,0.0023226,6.5278e-05,0.00037056,-0.0014347,0.0024534,-0.0064007,0.0023219,-0.0014347,-0.0097275,-0.006466,0.017644,0.0044325,0.0024534,-0.006466,0.00083391,0.016016,0.0023226,-0.0064007,0.017644,0.016016,0.011026
-0.00020121,0.000634,0.00097435,0.0016511,0.0052038,0.000634,0.00044307,-0.0025556,0.0004085,0.0030728,0.00097435,-0.0025556,0.0011983,-0.0080086,-0.0019064,0.0016511,0.0004085,-0.0080086,-0.0025481,0.018778,0.0052038,0.0030728,-0.0019064,0.018778,0.0010268
-0.0005918,-0.0014452,-0.0041226,0.0089878,0.012698,-0.0014452,0.0018938,0.0030894,-0.01334,-0.0034608,-0.0041226,0.0030894,0.0055088,-0.018709,0.02241,0.0089878,-0.01334,-0.018709,-0.032666,0.093117,0.012698,-0.0034608,0.02241,0.093117,0.0203
-0.00096729,0.0022673,-0.0095985,-0.0018116,0.0093828,0.0022673,0.0023268,0.0066769,-0.0026169,0.029418,-0.0095985,0.0066769,0.032733,0.012852,-0.060468,-0.0018116,-0.0026169,0.012852,-0.0085856,0.016549,0.0093828,0.029418,-0.060468,0.016549,-0.03083
-0.0003105,0.00078457,-0.0063379,0.0019934,0.010589,0.00078457,0.00016412,-0.0051051,-0.0020986,0.012703,-0.0063379,-0.0051051,-0.01208,-0.026318,-0.023528,0.0019934,-0.0020986,-0.026318,0.016523,0.030655,0.010589,0.012703,-0.023528,0.030655,-0.0081712
