0.00019193,0.00045868,-0.002089,0.0018885,-0.00028377,0.00045868,-0.00060911,-1.4056e-05,-8.5559e-05,0.0064152,-0.002089,-1.4056e-05,-0.003688,6.557e-05,0.01695,0.0018885,-8.5559e-05,6.557e-05,0.0011782,-0.019652,-0.00028377,0.0064152,0.01695,-0.019652,0.0072338
1.1785e-05,-0.00051117,0.0045621,-0.00098153,-0.0050608,-0.00051117,-0.00017551,0.0016654,0.0032657,-0.0028472,0.0045621,0.0016654,0.0024066,-0.0049578,-0.0032178,-0.00098153,0.0032657,-0.0049578,-0.0032503,0.023829,-0.0050608,-0.0028472,-0.0032178,0.023829,-0.0017601
-0.0031518,-0.00044121,-0.014243,0.0047063,0.034438,-0.00044121,0.0092613,0.0033904,-0.011041,-0.017548,-0.014243,0.0033904,0.036116,0.0073356,-0.083976,0.0047063,-0.011041,0.0073356,-0.013019,-0.032342,0.034438,-0.017548,-0.083976,-0.032342,-0.035607
-0.00015807,0.00073732,-0.0029407,-0.0052887,-0.011709,0.00073732,0.00016903,0.003407,0.0069313,0.02106,-0.0029407,0.003407,-0.017832,0.0015354,0.073568,-0.0052887,0.0069313,0.0015354,0.0046211,-0.040117,-0.011709,0.02106,0.073568,-0.040117,0.031126
4.513e-05,0.0023958,0.0037094,-0.010175,-0.0055879,0.0023958,0.00062956,-0.0019662,0.0048658,0.037351,0.0037094,-0.0019662,-0.05207,0.010164,0.11365,-0.010175,0.0048658,0.010164,0.036178,-0.089105,-0.0055879,0.037351,0.11365,-0.089105,0.050555
