-0.00029003,0.00035531,0.00060495,0.00363,0.0031568,0.00035531,0.00088732,-0.0016742,0.0017774,-0.0037331,0.00060495,-0.0016742,-0.0081099,-0.0031343,0.01665,0.00363,0.0017774,-0.0031343,0.00037057,0.014688,0.0031568,-0.0037331,0.01665,0.014688,0.010839
-0.00034221,0.00082581,0.0013066,0.0014202,0.0049655,0.00082581,0.00082173,-0.0031674,0.00097322,0.0052253,0.0013066,-0.0031674,0.0013251,-0.0069457,-3.5917e-05,0.0014202,0.00097322,-0.0069457,-0.0016001,0.017956,0.0049655,0.0052253,-3.5917e-05,0.017956,0.0011347
-0.00063564,-0.00044226,-0.0099903,0.002926,0.012148,-0.00044226,0.0019915,0.0041271,-0.012292,0.016759,-0.0099903,0.0041271,0.011422,-0.0074431,0.0079325,0.002926,-0.012292,-0.0074431,-0.024634,0.090913,0.012148,0.016759,0.0079325,0.090913,0.008976
-0.00067111,0.0022654,-0.0098316,-0.0022146,0.0060555,0.0022654,0.0013073,0.0064606,-8.2463e-05,0.038398,-0.0098316,0.0064606,0.036,0.0095969,-0.071448,-0.0022146,-8.2463e-05,0.0095969,-0.0040769,0.030682,0.0060555,0.038398,-0.071448,0.030682,-0.041209
-0.00085814,0.00042433,-0.0095713,0.00046452,0.014555,0.00042433,0.0016048,-0.0053481,-0.0061865,0.01941,-0.0095713,-0.0053481,-0.01086,-0.041636,-0.0015279,0.00046452,-0.0061865,-0.041636,0.0043204,0.071857,0.014555,0.01941,-0.0015279,0.071857,0.0041018
